image_width: 2880
image_height: 1860
camera_name: camera1
camera_matrix:
  rows: 3
  cols: 3
  data: [1354.27292, 0.0, 1423.77873, 0.0, 1376.7583, 934.77001, 0.0, 0.0, 1.0]
distortion_model: plumb_bob
distortion_coefficients:
  rows: 1
  cols: 5
  data: [-0.13781, 0.01959, 0.0004, -0.00179, 0.0]
projection_matrix:
  rows: 3
  cols: 4
  data: [1116.65283, 0.0, 1399.73962, 0.0, 0.0, 1283.91125, 935.9842, 0.0, 0.0, 0.0, 1.0, 0.0]
rectification_matrix:
  rows: 3
  cols: 3
  data: [1.0, 0.0, 0.0, 0.0, 1.0, 0.0, 0.0, 0.0, 1.0]
